[sample6.JPG]
filters=finetune2=1,0.000000,0.000000,0.000000,00000000,1.000000;warm=1;finetune2=1,0.000000,0.000000,0.000000,00000000,1.000000;
moddate=690955f16351d301
width=677
height=511
textactive=0
