[malria.JPG]
filters=warm=1;warm=1;finetune2=1,0.000000,0.185263,0.000000,00000000,-0.087719;crop64=1,2aaac71cffff;glow2=1,0.650000,36.021152;finetune2=1,0.000000,0.000000,0.280702,00000000,0.438596;
moddate=58f2bdce9751d301
width=963
height=540
textactive=0
crop=rect64(2aaac71cffff)
[malaria2.JPG]
filters=finetune2=1,0.000000,0.232982,0.000000,00000000,0.000000;warm=1;finetune2=1,0.000000,0.000000,0.000000,00000000,0.274854;glow2=1,0.650000,186.953110;finetune2=1,0.000000,0.000000,0.000000,00000000,1.000000;
moddate=246d9bc99651d301
width=963
height=544
textactive=0
